RTK1: [0.03285721 1.29856405 9.67952013]
RTK2: [0.04937584 7.79767446 9.89459628]
RTK3: [0.00737678 0.08335273 0.00025439]
KGE: 0.8032
RMSE: 2.8228
Total Flow / Total Simulated Flow: 0.9321
Actual Runoff Ratio / Simulated Runoff Ratio: 1.0000
